1 -19 -10 0
2 -19.04 9.99 0
3 20 10 0
4 20 -10 0
5 17 -10 0
6 17 7 0
7 8 7 0
8 8 -10 0
9 5 -10 0
10 4.98 6.98 0
11 -4 7 0
12 -4 -10 0
13 -7 -10 0
14 -7 7 0
15 -16 7 0
16 -16 -10 0
17 20 10 -2 
18 20 -10 -2
19 17 -10 -2
20 17 7 -2
21 8 7 -2
22 8 -10 -2
23 5 -10 -2
24 4.98 6.98 -2
25 -4 7 -2
26 -4 -10 -2
27 -7 -10 -2
28 -7 7 -2
29 -16 7 -2
30 -16 -10 -2
31 -19 -10 -2
32 -19.04 -9.99 -2


Faces:
1 2 3 4 5 6 7 8 9 10 11 12 13 14 15 16.
1 2 32 31.
1 16 30 31.
16 15 14 13 27 28 29 30.
13 12 26 27.
12 11 10 9 23 24 25 26.
9 8 22 23.
8 7 6 5 19 20 21 22.
5 4 18 19.
4 3 17 18.
2 3 17 32.
17 18 19 20 21 22 23 24 25 26 27 28 29 30 31 32.