1 -1.59 0.41 0
2 -2.59 2.41 0
3 -4.59 4.41 0
4 1.41 4.41 0
5 -0.59 2.41 0
6 -1.59 0.41 1.5
7 -2.59 2.41 1.5
8 -4.59 4.41 1.5
9 1.41 4.41 1.5
10 -0.59 2.41 1.5
101 -1.59 0.41 0
102 -0.59 -1.59 0
103 1.41 -3.59 0
104 -4.59 -3.59 0
105 -2.59 -1.59 0
106 -1.59 0.41 1.5
107 -0.59 -1.59 1.5
108 1.41 -3.59 1.5
109 -4.59 -3.59 1.5
110 -2.59 -1.59 1.5
201 -1.59 0.41 0
202 1.41 2.41 0
203 2.41 1.41 0
204 2.41 -0.59 0
205 1.41 -1.59 0
206 -1.59 0.41 1.5
207 1.41 2.41 1.5
208 2.41 1.41 1.5
209 2.41 -0.59 1.5
210 1.41 -1.59 1.5
Faces:
10 9 8 7 6.
7 8 3 2.
6 7 2 1.
10 6 1 5.
9 10 5 4.
8 9 4 3.
3 4 5 1 2.
110 109 108 107 106.
107 108 103 102.
106 107 102 101.
110 106 101 105.
109 110 105 104.
108 109 104 103.
103 104 105 101 102.
210 209 208 207 206.
207 208 203 202.
206 207 202 201.
210 206 201 205.
209 210 205 204.
208 209 204 203.
203 204 205 201 202.
